$ 1 0.000005 337.78679316735355 50 5 43 5e-11
a 192 192 336 192 8 15 -15 1000000 -0.00013108112020403373 0 100000
c 192 96 336 96 0 1e-8 -13.108243101523575 0.001
r 192 176 64 176 0 300000
r 192 32 336 32 0 470000
w 192 176 192 96 0
w 192 96 192 32 0
w 336 32 336 96 0
w 336 96 336 192 0
g 192 208 192 272 0 0
R -96 192 -160 192 0 0 40 0 0 0 0.5
R -96 160 -160 160 0 0 40 10 0 0 0.5
S -16 176 -96 176 0 0 false 0 2
r 192 32 64 32 0 150000
R 64 -96 -16 -112 0 0 40 -10 0 0 0.5
368 336 192 432 192 0 0
R -144 0 -208 0 0 0 40 5 0 0 0.5
w 64 176 -16 176 0
r 192 -96 64 -96 0 300000
w 192 -96 192 32 0
g -144 96 -208 96 0 0
174 -144 96 -112 0 1 1000 0.16340000000000002 Resistance
174 672 -112 704 -208 1 1000 0.9950000000000001 Resistance
g 672 -112 672 -80 0 0
R 672 -208 608 -208 0 0 40 3.3 0 0 0.5
368 704 -160 800 -160 0 0
w -16 16 -112 -64 0
S 64 32 -16 32 0 0 false 0 2
R -192 -80 -256 -80 0 0 40 5 0 0 0.5
R -192 -48 -256 -48 0 0 40 0 0 0 0.5
S -112 -64 -192 -64 0 1 false 0 2
w -16 48 -112 48 0
